[PAT NO.    7]

input data: 4 * 8
         24         -65          14          69          73         -13          66         -38
        -32        -124         -51         -47         122         -81          19         -59
        -52          48         -51         -32         -83          56          55           1
        -14          74          35         -52         -72         -12         109        -109
Matrix Q weight: 8 * 8
         -3           1           0          -2           4          -2           5           1
         -3           4           0           0           2          -1           1           4
         -3           1          -2           5           3           5           0           3
         -1          -2           4           3          -1           3           5           2
          1           0           3          -2           4           0           3           4
         -3           0           4          -2          -3          -1           1          -2
         -3          -3           2           3           1           3           5           1
         -2           1           5           0           1           1           4          -1
Matrix K weight: 8 * 8
        -39         -57         101         -38         -59         -67          53          59
         93         112          22          97          56         104          55         -49
         95          45         -67          59          43         -26          76         -65
       -117          10        -104          36          -8         -99          63          19
       -117         -10          99          70         -19         -14          46        -118
         16         -84         -43         -68           1          24          48        -124
         45          -3          -4         114         -25         -46         -26         -43
         29         -18         -12         -31          -3        -128          97         116
Matrix V weight: 8 * 8
        -21         -54        -122          47         -90        -100         110        -120
        108           0         -96         -81         -10          16         -60          88
        -88         113          50         -62         -54         106          11        -101
         30        -112         -23          14          56         119          74         -93
        -32         -17          72         -87         -29          55          49         -13
        -97         -91         -91          12          48         -73         -62         -89
       -121          16           4          -6         -44          69         -31         -57
          6        -124         -48          61         -51        -121         -72         117
---------- QKV Generation ----------
Matrix Q: 8 * 8
          2        -596         357         307         298         467         784         366
       1094        -601        -301        -357         209        -129        -375         -47
       -221         -11          64         -28        -677        -185        -286        -467
       -378         -15        -869         542          -3         203        -375         237
Matrix K: 8 * 8
     -20605       -6480         858       10789       -7942      -15069         440       -9246
     -26056       -8240       18538        2530       -9570       -1747      -19846       -5403
      18502        1668       -8308        -908        4074       12818       -8471       -2112
      26813       13504       -2463       19484        5849       22530      -14583      -15062
Matrix V: 8 * 8
     -15975       -1732       10952       -2730       -2109       20371       16873      -24431
      -8342       14146       33402       -4255       -1011       11290       14540          87
        379       -2300      -10978        4006        7786       -8225      -20845       11668
      -6729       28111        -874      -10733       -2007       17732       -7758       -7469
---------- MatMul1 ----------
Matrix A: 4 * 4
     -5003616      -8950767      -4416034      -7573713 
    -22203736     -24114748      24537417      19495703 
     16734346      21965850      -6333996      -3700532 
      7596443       1070314       4974653       8817775 
---------- Scaling ----------
Matrix A after scaling: 4 * 4
     -1667872      -2983589      -1472011      -2524571 
     -7401245      -8038249       8179139       6498567 
      5578115       7321950      -2111332      -1233510 
      2532147        356771       1658217       2939258 
---------- ReLU ----------
Matrix S: 4 * 4
            0             0             0             0 
            0             0       8179139       6498567 
      5578115       7321950             0             0 
      2532147        356771       1658217       2939258 
---------- Golden answer ----------
Matrix P: 4 * 8
                   0                    0                    0                    0                    0                    0                    0                    0
        -40628963662         163869197237         -95470335500         -36983488777          50640152285          47959171769        -220910035241          46896396929
       -150190094025          93915009520         305659289380         -46383151200         -19166735985         196296596165         200580687395        -135641917915
        -62577034846          79472786500          18876121168         -33335060727           1310793252          94090399158          -9455930258         -64437086326
--------
Matrix A: 8 * 8
     -4726435     -12590555     -15111894      -3763004      -8508082      16438557       -976105       6953932 
    -19956876     -17042425     -26471058       5386926      -1545610      10561770     -19900750       3635710 
    -27638612     -30306133     -42209092     -15267297      -9529707      24151927      -3769030      26495922 
     -9132362       1464060      -8135951      20660537       5640572        -75339       8244750      -9668947 
    -17765859      -6828844     -17035471     -19618439      -1971553      -1596653      15908376      27514195 
     67146787      26983232      71513050       1633724      -1178943      -7196758       7510037     -32340413 
     -1994240      -1459177       -992018      -7749610      -1080956      -2375970     -13962456       4975318 
      1706553      -8943440       -870221       2032064       2530630       6162755     -18011330      -7839975 
---------- Scaling ----------
Matrix A after scaling: 8 * 8
     -1575478      -4196851      -5037298      -1254334      -2836027       5479519       -325368       2317977 
     -6652292      -5680808      -8823686       1795642       -515203       3520590      -6633583       1211903 
     -9212870     -10102044     -14069697      -5089099      -3176569       8050642      -1256343       8831974 
     -3044120        488020      -2711983       6886845       1880190        -25113       2748250      -3222982 
     -5921953      -2276281      -5678490      -6539479       -657184       -532217       5302792       9171398 
     22382262       8994410      23837683        544574       -392981      -2398919       2503345     -10780137 
      -664746       -486392       -330672      -2583203       -360318       -791990      -4654152       1658439 
       568851      -2981146       -290073        677354        843543       2054251      -6003776      -2613325 
---------- ReLU ----------
Matrix S: 8 * 8
            0             0             0             0             0       5479519             0       2317977 
            0             0             0       1795642             0       3520590             0       1211903 
            0             0             0             0             0       8050642             0       8831974 
            0        488020             0       6886845       1880190             0       2748250             0 
            0             0             0             0             0             0       5302792       9171398 
     22382262       8994410      23837683        544574             0             0       2503345             0 
            0             0             0             0             0             0             0       1658439 
       568851             0             0        677354        843543       2054251             0             0 
---------- Golden answer ----------
Matrix P: 8 * 8
        -39913793876         -49566644094          50981687509         -20512096693         -32929321613          -4000210523         -33625367565           -157962605
        -14591758255         -31216234137          72168912271          22640609330           -279798244          48409684756          10562000402         -29052393650
          4992447808          32376057364          41732276318         -19110533958          15596063386        -116694045450         -96525593462          22243842906
         29815759995         -13727239650          57716277975         141236540890          38491459260         145567061200         131294119530         -78225457955
        133292736714         128829306114        -166924925526          11233583104          54026395644        -251037849796         -79061113112          85230504444
        769240173160        -105892715373        1463398734906        -140655864511        -255442534814        -872761342032       -1087535267918         981545158794
         19448514153          32152156893         -10138037607           3369948048          19552995810         -33868641258         -14401884276           6869254338
        -34100104750         -43139800852          42249514733           1807482119         -28810152871          31859162359           3265544868          -6512873474
